118
96
58
197
187
99
207
210
108
126
87
182
96
117
173
67
166
177
177
247
35
121
200
72
141
54
242
241
158
71
237
155
@
44
64
255
59
232
135
67
226
223
138
164
63
40
115
227
235
156
217
71
149
141
149
236
82
135
141
226
98
162
32
163
137
@
201
93
179
229
19
232
116
167
2
20
150
100
181
2
89
8
100
194
15
6
2
109
166
6
232
203
77
114
52
214
236
111
@
117
82
108
246
112
193
70
110
116
245
123
77
103
3
237
214
65
80
201
249
126
40
32
83
156
30
54
227
38
88
51
238
@
48
95
161
218
132
121
182
173
204
28
45
63
125
1
237
144
64
185
140
194
41
110
69
65
169
90
132
137
172
210
236
152
@
47
149
15
30
114
89
106
252
156
191
42
84
148
6
241
114
8
235
13
173
119
43
172
211
10
164
48
41
244
44
0
249
@
231
79
144
37
106
68
241
173
163
105
18
129
193
196
62
33
4
178
206
203
206
40
64
7
111
190
48
36
255
247
23
29
@
115
10
107
145
76
79
191
14
136
181
171
19
204
174
18
240
205
38
94
230
5
65
143
25
246
141
191
226
171
62
52
241
@
103
129
164
125
103
79
94
79
150
123
76
150
255
144
244
158
224
58
254
112
63
177
215
154
129
37
195
127
252
51
139
237
@
195
226
40
227
27
74
149
17
57
11
250
82
154
119
37
141
99
242
44
23
153
35
190
46
125
235
118
55
144
220
174
218
@
225
109
47
10
6
66
194
250
93
105
99
179
37
35
250
101
47
212
94
128
93
92
31
142
183
88
65
168
52
102
33
81
@
96
177
105
147
94
220
120
96
8
161
244
133
53
232
109
53
33
74
247
177
119
209
220
192
78
225
111
245
206
225
81
113
@
212
141
217
19
114
178
59
83
71
57
22
78
100
104
177
123
11
173
46
131
127
217
215
69
209
151
169
214
221
160
213
29
@
81
158
251
182
148
65
219
9
100
114
173
12
82
32
65
8
61
254
173
118
21
76
36
197
42
251
159
239
120
122
160
114
@
9
231
100
220
209
59
187
180
37
139
116
251
35
164
240
199
104
65
18
71
112
115
205
175
128
13
105
140
178
127
167
155
@
34
228
255
209
139
158
92
93
92
232
233
87
127
5
173
241
242
68
52
110
3
20
154
63
255
125
18
19
245
45
134
93
@
148
140
72
103
47
97
140
53
154
6
219
251
203
48
85
35
190
177
177
104
94
47
224
72
118
128
182
136
95
97
227
164
@
62
174
241
220
142
78
21
179
227
21
228
15
221
108
92
159
112
168
55
103
62
231
237
243
92
37
124
205
88
22
72
105
@
174
201
61
102
106
189
223
225
42
87
192
253
127
104
209
71
122
50
46
23
119
217
110
132
85
86
126
217
101
81
74
82
@
82
76
236
31
25
113
5
236
132
143
155
178
225
198
244
130
48
235
83
224
232
101
130
156
169
10
118
178
144
242
233
189
@
54
127
106
255
248
196
213
36
84
116
241
30
182
104
166
222
95
148
217
212
105
191
230
102
126
213
182
152
112
232
212
186
@
15
255
81
118
153
176
231
172
229
16
154
142
222
213
188
105
82
83
84
40
74
245
29
144
251
102
128
22
46
215
56
219
@
177
138
116
162
85
106
245
48
208
126
13
216
190
126
222
132
69
163
71
221
40
62
67
218
99
64
225
172
60
139
11
64
@
228
97
93
79
175
12
74
33
182
217
181
152
37
159
105
241
76
45
155
94
117
221
212
67
152
174
23
12
170
48
107
27
@
103
140
193
170
35
31
105
166
113
140
182
0
245
61
119
134
110
154
179
196
108
60
92
51
102
104
189
200
159
210
207
144
@
209
103
247
12
32
11
163
198
223
135
165
30
110
192
248
196
247
182
245
223
134
91
62
40
240
54
89
5
31
2
133
16
@
165
137
118
41
206
27
233
177
158
78
100
7
177
217
188
40
92
134
102
233
239
33
109
152
89
23
174
161
238
204
139
13
@
64
156
180
212
57
64
22
189
230
60
156
155
47
143
246
150
57
208
144
151
30
171
99
48
62
194
87
97
39
99
146
89
@
87
66
90
199
101
81
49
91
125
175
243
60
88
62
132
203
6
58
117
149
119
233
181
150
131
169
67
90
147
73
77
52
@
174
16
211
183
189
110
141
195
67
188
14
214
171
77
236
155
56
84
196
227
254
222
13
102
217
178
51
39
57
26
188
209
@
135
17
15
2
98
92
111
40
158
193
45
155
121
53
222
202
199
1
160
65
208
162
3
166
79
189
5
47
6
34
60
150
@
231
76
230
56
6
117
104
44
26
223
59
104
5
130
250
157
54
174
141
215
124
21
140
203
139
212
60
47
172
94
138
97
@
150
193
70
96
189
157
218
36
197
9
80
115
217
83
213
133
242
19
17
246
161
198
61
5
49
108
60
159
184
245
234
255
@
236
49
117
223
56
133
54
140
98
89
211
38
15
212
161
239
20
173
206
43
101
201
5
220
81
220
24
13
116
199
85
56
@
23
154
4
154
58
237
199
38
248
230
6
19
86
155
23
216
134
236
164
113
168
240
11
249
96
64
212
153
141
91
109
41
@
114
106
197
120
86
43
104
2
31
100
45
243
208
87
24
45
152
156
121
220
252
188
150
124
60
180
39
238
180
232
37
81
@
21
123
159
109
70
14
228
155
249
85
24
110
72
85
181
212
167
176
240
74
186
59
35
212
14
205
105
212
21
5
65
192
@
87
153
203
84
80
101
35
180
139
185
24
218
174
122
120
184
100
41
9
30
193
137
175
89
131
151
55
27
230
65
246
15
@
174
35
103
255
6
84
146
8
139
58
87
199
72
93
22
118
99
40
76
90
236
160
210
129
54
44
110
116
221
57
131
20
@
24
37
246
23
112
14
149
25
205
73
63
112
211
136
42
127
171
47
77
113
104
176
147
162
126
95
74
163
183
82
183
66
@
122
146
253
88
174
146
19
15
157
233
211
210
136
65
197
89
229
73
94
141
84
199
61
187
182
108
100
214
51
189
206
97
@
109
171
83
54
78
9
136
149
222
10
96
184
5
100
89
89
197
98
122
218
105
63
171
11
56
97
134
26
113
87
246
67
@
47
130
125
68
83
103
3
101
55
131
109
35
134
19
29
74
90
17
34
186
189
181
38
216
98
3
29
45
89
116
7
181
@
81
79
229
211
211
71
213
168
189
37
67
102
72
8
26
52
45
166
105
161
199
192
240
103
255
206
74
138
130
57
72
2
@
90
243
17
83
192
74
37
131
221
65
20
249
34
71
97
252
223
134
197
87
0
236
30
251
74
3
86
199
186
228
75
92
@
251
152
102
18
175
79
63
127
227
129
72
108
3
136
120
223
53
253
59
148
96
65
122
191
216
37
216
3
84
109
194
65
@
194
140
255
164
113
11
166
160
91
249
167
246
153
206
129
175
86
49
45
224
185
29
166
58
138
119
113
114
77
34
10
97
@
164
230
196
25
221
113
14
251
74
249
39
182
82
54
89
202
137
186
160
30
198
48
47
62
53
32
193
28
27
244
41
167
@
188
176
242
223
85
208
127
17
108
113
206
201
46
77
253
93
252
114
24
46
121
252
102
164
38
24
254
224
10
91
56
7
@
180
80
3
142
165
5
186
189
193
199
13
125
91
30
7
43
242
6
194
208
186
240
114
209
200
210
50
204
28
241
71
31
@
210
42
4
205
241
107
103
182
131
15
242
227
244
118
170
202
7
217
21
187
150
233
53
166
45
23
55
40
108
234
202
105
@
1
154
91
81
56
134
246
82
178
183
109
108
33
146
63
99
30
103
205
231
120
237
131
148
85
221
66
20
136
243
2
94
@
192
128
22
115
155
42
110
12
157
255
9
243
121
51
238
186
21
161
223
237
183
199
168
216
123
212
237
43
151
112
123
53
@
26
230
101
95
248
167
225
30
74
204
224
177
210
201
182
164
121
185
89
199
61
67
117
45
132
211
50
248
28
8
166
234
@
99
246
201
113
249
9
175
223
172
214
113
55
218
36
116
233
247
13
250
245
211
208
98
73
224
211
242
206
224
202
143
201
@
220
246
230
66
48
217
133
213
110
98
170
158
186
112
59
47
170
129
238
93
27
73
252
94
43
110
187
95
207
213
211
182
@
179
57
185
88
77
231
117
155
147
249
135
22
193
29
203
17
245
187
19
134
0
227
47
201
47
41
10
61
116
199
153
31
@
181
226
167
233
59
75
122
184
190
52
16
11
136
151
146
79
8
37
79
115
195
13
69
120
243
6
92
25
7
203
163
81
@
149
40
65
138
136
112
239
132
114
21
0
124
47
141
167
157
46
246
52
239
96
2
62
154
34
18
182
120
202
253
110
221
@
127
172
49
210
112
101
133
220
214
62
40
224
149
45
229
3
238
106
149
108
149
149
252
2
193
107
149
107
24
73
211
201
@
24
11
106
167
156
215
216
156
153
95
193
153
64
139
158
130
203
27
175
47
16
5
208
26
195
140
106
94
229
124
16
183
@
15
108
24
72
105
243
54
82
138
1
237
248
37
41
37
209
54
169
127
9
72
42
252
177
202
204
224
166
19
59
80
228
@
79
177
8
233
58
129
23
88
165
10
56
20
129
222
34
138
5
235
51
153
112
68
131
34
51
100
103
126
156
18
143
63
@
25
152
188
146
122
248
196
207
213
175
234
79
31
80
217
254
15
22
123
210
167
66
219
187
223
161
223
159
139
74
69
214
@
132
19
29
232
148
214
90
55
212
96
174
209
105
94
110
105
20
53
134
148
70
132
22
81
171
209
85
0
227
122
32
107
@
38
191
52
6
55
40
237
133
194
97
91
166
152
22
254
108
218
98
235
236
173
244
139
36
0
252
203
111
113
133
186
251
@
234
222
126
59
172
144
148
14
153
206
77
49
52
15
6
58
151
103
233
177
25
100
136
17
52
87
55
65
38
176
196
50
@
141
51
142
237
56
131
42
170
198
253
47
88
57
34
126
144
144
6
211
218
24
74
23
86
221
36
80
176
238
90
120
169
@
173
191
88
17
227
239
7
80
1
219
213
228
188
203
32
231
135
157
145
66
28
55
15
19
228
117
194
105
186
65
80
75
@
46
117
175
45
197
80
58
197
157
248
209
51
227
208
174
194
247
41
67
198
84
1
78
108
64
24
85
219
226
29
175
14
@
172
251
95
227
128
72
195
4
110
222
182
41
182
21
60
61
221
18
137
232
79
57
197
166
104
255
85
227
14
196
197
236
@
176
24
195
113
90
183
48
5
161
29
118
71
15
217
145
161
127
25
201
124
187
182
88
189
148
79
133
105
227
64
255
140
@
83
107
53
124
245
189
197
9
1
179
43
220
126
233
201
119
131
208
250
191
6
220
10
47
208
226
101
104
114
165
203
74
@
179
147
155
89
157
176
230
24
237
229
162
171
11
67
119
182
214
209
59
17
222
156
51
198
87
44
174
147
0
197
248
147
@
197
31
235
138
248
34
23
247
22
39
189
27
227
131
10
1
44
83
73
111
216
24
38
234
35
35
249
249
136
186
20
3
@
113
131
98
135
136
41
252
10
97
151
169
223
239
45
241
42
173
248
1
102
213
40
29
110
91
77
144
58
166
12
9
186
@
192
38
25
152
98
222
219
36
135
92
101
140
173
11
162
229
72
102
243
7
206
83
73
100
244
35
153
216
235
117
145
157
@
90
64
64
188
144
187
144
127
238
128
113
237
188
182
232
129
180
143
133
117
33
46
182
24
50
181
188
86
85
5
180
28
@
205
49
86
177
112
82
203
97
40
184
170
99
172
134
160
188
201
91
124
204
58
162
198
100
40
159
248
98
128
47
41
31
@
79
27
60
75
99
29
31
139
214
218
31
184
161
254
59
152
36
179
92
228
42
50
183
50
161
72
90
15
139
103
96
33
@
165
19
255
144
163
12
193
235
216
10
124
214
126
185
32
42
25
206
168
31
252
76
101
81
161
141
16
24
175
27
23
240
@
69
189
146
67
243
5
188
45
187
34
107
60
172
153
11
19
154
173
200
19
122
48
107
185
144
135
13
13
188
70
241
229
@
90
194
234
240
147
83
246
114
182
215
61
93
179
227
107
20
81
216
179
107
248
175
112
116
110
107
92
208
126
213
188
22
@
149
196
241
178
184
183
70
123
38
60
144
154
86
229
9
148
28
138
0
71
126
165
34
80
30
171
81
155
206
65
61
58
@
139
107
156
127
67
64
245
188
240
162
161
147
12
191
247
133
181
53
123
65
121
107
1
43
179
206
214
177
118
219
93
88
@
82
197
11
34
120
65
116
63
190
81
214
202
109
207
188
46
183
219
101
219
163
143
40
27
95
77
121
167
243
171
116
192
@
103
38
28
81
185
93
76
254
26
131
191
255
248
125
232
219
116
99
227
243
124
21
252
246
44
211
185
161
196
153
182
117
@
195
169
85
224
158
154
100
171
57
128
204
74
151
210
97
151
34
65
0
122
140
112
236
117
200
212
220
47
173
20
94
128
@
19
220
84
65
11
163
161
221
246
115
69
182
162
243
1
136
139
9
182
10
229
196
149
235
161
23
230
98
114
251
216
191
@
238
155
73
87
162
198
158
191
124
231
103
216
20
113
151
94
187
141
193
32
202
214
231
143
127
231
164
149
43
51
177
111
@
89
161
82
49
1
215
131
92
109
157
118
120
110
44
135
133
170
195
64
187
244
239
2
163
226
111
15
123
135
84
67
91
@
48
34
6
111
249
171
140
236
212
195
20
135
102
105
159
174
79
146
200
104
29
64
232
215
88
206
156
105
72
127
31
105
@
117
99
239
33
148
89
44
96
112
238
46
237
26
182
78
4
127
54
144
151
212
185
232
64
123
193
156
139
190
223
157
115
@
24
44
112
38
9
47
38
230
138
251
38
23
27
44
162
208
222
97
215
211
3
147
72
82
235
219
170
191
17
220
28
101
@
10
132
112
146
60
205
148
19
140
27
30
0
16
217
117
149
67
111
220
61
154
81
255
238
187
124
198
174
59
240
73
7
@
217
252
14
111
21
47
186
145
163
27
31
232
42
185
132
130
214
192
6
229
216
155
210
131
72
102
107
24
131
67
71
8
@
119
3
223
76
102
150
243
170
77
46
232
132
89
142
226
232
65
195
61
98
47
61
147
140
145
14
42
43
235
152
245
145
@
40
91
147
97
248
219
137
158
172
103
119
47
135
242
152
65
129
162
138
89
112
241
46
78
164
45
15
51
2
44
65
233
@
112
221
248
71
67
213
254
97
145
192
76
96
69
183
105
204
112
1
239
134
202
204
85
155
127
37
142
7
44
94
216
231
@
50
190
142
35
96
74
82
28
164
135
92
199
29
71
246
53
7
168
187
25
124
120
170
235
120
165
204
126
114
181
203
251
@
