39
130
85
211
199
225
150
152
60
9
23
232
13
131
203
95
162
249
6
81
146
90
100
229
62
239
24
198
253
0
156
108
@
51
75
97
37
70
135
79
158
108
67
207
238
98
40
122
135
185
119
159
197
192
32
230
64
247
238
160
176
76
38
157
52
@
104
106
67
126
46
57
196
140
21
9
160
223
179
42
215
99
45
150
129
205
91
86
155
38
232
45
133
7
174
173
16
135
@
99
254
159
209
240
249
228
226
28
215
155
83
90
13
90
231
77
73
237
27
141
16
84
48
222
203
146
61
156
129
236
227
@
55
94
155
117
215
18
93
253
40
107
1
117
211
54
50
236
27
107
229
210
32
133
121
51
236
189
229
64
95
126
250
28
@
60
30
176
18
154
56
247
35
182
99
189
196
167
201
152
137
186
143
98
243
224
164
169
201
157
241
44
244
158
52
104
230
@
233
17
244
189
215
8
50
230
44
236
108
49
47
151
78
11
200
36
119
17
73
79
230
184
255
221
33
84
104
26
58
182
@
53
249
172
1
120
146
230
16
105
242
15
168
123
183
232
250
83
65
59
62
52
104
99
160
221
74
88
52
196
9
71
167
@
241
80
162
145
95
157
150
25
69
178
244
195
169
12
65
222
99
69
45
67
226
239
79
79
38
169
129
126
129
139
235
132
@
172
198
191
136
150
183
194
75
131
58
61
189
189
29
186
222
198
79
175
74
128
176
59
151
166
233
51
85
103
128
120
196
@
177
34
183
83
21
24
214
80
74
199
25
64
90
38
209
96
10
159
34
171
20
43
4
3
193
201
123
227
197
226
164
146
@
66
208
239
252
101
86
24
103
155
115
57
181
1
17
49
21
215
135
121
121
177
150
193
196
77
2
3
181
234
60
60
241
@
13
52
223
92
111
152
241
14
167
167
49
118
100
200
134
227
186
169
58
230
158
99
73
81
37
182
36
42
192
198
120
52
@
158
190
236
115
153
223
246
168
185
20
122
223
141
185
202
102
205
218
142
100
211
33
116
95
96
108
190
125
91
205
93
188
@
22
128
78
245
211
160
13
122
78
130
36
161
6
45
53
105
41
8
144
154
237
18
62
49
27
38
241
35
141
140
223
71
@
158
193
205
123
159
224
155
44
92
33
72
172
192
139
45
114
147
9
48
235
70
207
207
136
54
226
147
133
116
200
39
33
@
157
227
179
229
76
162
9
174
121
246
154
97
43
131
165
152
145
146
107
128
120
225
115
107
224
185
24
63
105
69
92
99
@
58
169
131
181
241
234
247
216
186
17
104
112
77
87
108
111
112
221
160
62
115
128
134
156
171
55
58
168
66
107
19
197
@
184
135
169
219
251
86
54
1
0
96
222
128
51
148
231
138
233
79
234
12
10
85
98
22
141
93
23
187
33
121
223
243
@
226
33
83
192
18
238
239
220
190
192
140
41
98
117
170
188
230
124
48
95
195
69
107
117
142
10
43
96
247
11
165
71
@
120
134
209
89
133
212
137
0
119
117
228
41
212
246
0
28
5
116
251
126
180
117
37
107
141
77
243
25
95
9
9
47
@
196
38
67
123
233
11
25
217
223
225
75
224
6
39
171
62
15
229
242
212
10
215
172
35
245
180
170
89
251
130
89
76
@
205
121
78
229
122
211
89
202
251
7
76
209
79
47
208
162
171
213
184
109
149
186
133
66
102
3
158
189
40
57
81
191
@
135
44
166
120
107
176
177
179
234
187
0
68
138
93
120
136
84
221
84
53
185
243
146
207
149
245
5
70
87
203
151
254
@
97
100
82
76
76
201
209
135
46
233
27
78
191
241
224
60
85
29
90
224
67
12
137
239
167
189
55
150
146
31
238
132
@
168
139
111
172
120
197
12
110
249
75
89
73
85
51
116
13
113
247
19
167
38
139
89
49
88
237
203
248
49
223
53
195
@
164
124
70
251
113
69
214
66
47
222
228
186
218
17
169
64
175
241
237
2
212
52
30
1
206
177
170
47
219
114
89
37
@
107
9
235
115
29
104
119
50
44
22
235
79
5
176
65
213
193
19
143
255
34
51
222
170
10
28
51
93
67
161
54
129
@
137
251
48
60
193
103
160
26
134
25
166
160
143
206
8
173
12
222
43
69
0
62
150
58
106
232
92
37
55
218
61
141
@
18
154
240
103
131
88
182
182
25
236
149
161
102
35
19
131
201
97
105
46
7
224
110
209
157
2
241
21
54
199
110
150
@
130
131
149
105
153
245
94
124
129
186
234
130
211
202
180
148
25
30
158
179
175
155
252
164
208
133
140
226
24
239
242
254
@
147
201
75
69
70
63
113
37
32
197
155
189
226
135
194
82
168
45
79
219
113
168
40
217
87
14
74
237
213
210
184
134
@
26
241
140
127
168
59
172
64
170
33
194
31
132
120
156
131
250
212
133
143
38
218
167
224
16
128
77
250
205
46
129
134
@
143
105
31
173
126
31
116
34
89
181
122
113
137
193
74
213
25
106
13
148
138
105
241
105
73
255
141
24
103
190
165
168
@
91
145
169
68
79
119
93
141
167
142
49
5
47
213
133
48
19
211
148
133
95
95
196
150
225
238
240
223
66
191
132
239
@
40
7
4
249
124
218
170
202
150
224
248
23
196
66
110
60
217
71
237
68
20
82
68
152
207
74
160
184
244
219
221
142
@
36
196
149
137
129
23
150
108
159
240
151
230
143
22
142
202
250
16
16
90
97
54
84
30
107
250
150
181
230
136
41
138
@
209
236
64
103
43
132
78
7
106
8
163
200
139
239
57
132
191
228
106
146
61
141
94
180
207
3
142
27
201
212
144
109
@
126
53
121
7
54
140
224
140
150
34
77
172
57
82
159
19
62
68
166
61
105
212
1
101
114
56
197
169
136
7
32
191
@
100
156
160
2
138
185
26
224
33
43
163
225
83
151
149
173
2
70
69
193
70
88
76
27
43
209
5
190
204
196
80
56
@
189
16
136
213
40
206
248
3
119
241
191
99
128
39
219
124
51
229
110
185
175
32
35
134
53
68
211
42
114
135
23
43
@
215
111
173
221
164
149
27
49
60
235
206
63
159
221
110
131
152
153
41
34
192
41
90
103
160
147
252
243
161
165
185
35
@
46
103
112
68
160
52
125
57
252
219
225
20
246
133
198
147
240
164
206
151
130
17
213
75
88
57
59
86
201
106
244
77
@
176
203
221
157
127
141
95
222
239
138
251
107
201
67
19
121
235
130
66
176
225
183
214
198
80
127
64
235
62
216
171
102
@
115
131
238
44
139
179
215
127
191
15
254
105
132
65
217
116
17
37
195
139
171
58
54
140
150
162
5
31
16
28
68
71
@
240
158
214
231
68
197
143
212
143
238
247
55
59
103
67
233
7
94
82
71
67
74
62
10
53
74
28
194
75
88
9
183
@
132
243
49
159
177
168
224
125
208
154
100
157
119
142
133
120
1
7
34
218
176
184
104
66
4
57
68
57
177
43
68
185
@
7
160
37
168
232
49
164
229
228
32
108
220
88
161
100
2
181
48
39
244
99
190
21
75
64
245
73
17
79
147
191
66
@
27
26
107
165
111
42
75
138
2
244
80
114
125
164
144
166
247
19
207
102
204
209
138
35
99
147
155
107
218
160
138
226
@
218
169
123
187
219
154
219
4
61
110
28
111
0
251
75
39
111
22
241
215
207
125
53
215
194
111
52
230
126
26
58
170
@
121
105
31
111
199
134
40
157
32
129
73
142
188
202
233
13
146
227
216
125
166
135
238
134
141
148
89
185
120
240
75
67
@
125
249
147
213
10
237
251
29
118
89
13
18
49
250
94
153
189
129
126
176
130
50
134
54
99
241
176
97
70
116
49
144
@
78
93
217
187
176
85
219
140
67
193
231
238
214
249
167
241
194
26
122
25
226
148
59
149
106
168
9
98
43
126
134
131
@
79
157
112
86
148
41
193
149
123
231
50
110
199
72
158
89
94
198
216
62
144
118
21
176
224
196
30
80
147
188
142
197
@
167
213
42
113
43
48
8
108
134
56
49
86
176
42
160
23
243
129
121
252
41
194
64
73
154
197
233
81
75
10
161
194
@
16
161
119
105
116
131
235
161
239
241
121
14
238
170
217
151
102
6
253
175
154
206
50
45
252
220
191
134
158
170
59
44
@
189
61
230
116
0
132
226
228
229
42
73
128
255
123
254
119
38
4
221
191
197
232
245
98
174
130
84
210
43
188
10
158
@
37
33
226
91
115
105
40
67
28
207
30
23
109
90
17
67
250
19
154
242
130
232
26
80
199
94
28
87
171
83
219
192
@
97
58
51
147
95
200
209
99
133
250
232
8
47
4
235
177
250
101
102
63
27
214
40
68
208
168
91
136
114
103
130
89
@
43
189
43
37
64
80
199
183
128
65
14
216
217
166
15
54
106
33
160
92
25
55
69
43
203
171
49
82
104
101
198
89
@
161
218
6
26
253
164
89
150
116
16
59
138
50
28
91
77
7
227
70
221
208
116
30
64
4
118
150
186
74
136
198
60
@
80
206
48
146
177
46
133
56
153
109
175
19
72
143
119
142
68
34
34
35
141
1
26
103
117
204
3
125
223
92
63
198
@
63
164
213
140
96
123
94
67
23
88
9
206
158
61
134
65
249
30
29
98
225
6
96
45
140
11
163
152
138
250
112
16
@
169
170
188
149
222
7
55
1
157
103
199
45
247
246
91
165
221
78
85
92
107
176
32
9
205
115
245
208
81
164
196
10
@
232
1
80
167
178
10
54
147
99
165
56
171
55
153
130
178
248
253
46
161
213
110
251
66
234
177
255
197
85
247
16
100
@
155
7
146
70
98
123
4
196
10
26
43
36
38
84
109
6
36
194
228
48
246
93
60
23
79
68
21
55
74
221
241
238
@
157
90
224
128
15
198
207
161
243
229
124
193
98
254
177
36
10
254
126
232
185
208
36
7
80
217
176
162
127
1
84
116
@
179
41
6
130
249
86
100
145
43
245
171
47
24
12
8
43
99
252
244
34
249
82
54
142
154
65
152
123
154
12
193
180
@
74
79
230
80
152
242
83
236
88
145
147
119
49
53
229
57
133
250
94
222
13
215
118
149
214
211
9
54
103
24
69
48
@
128
145
25
140
18
139
17
89
37
220
144
90
240
217
85
75
124
204
114
192
173
133
16
45
94
102
201
24
117
214
84
144
@
32
173
114
174
37
56
212
128
11
8
143
108
244
69
168
150
80
12
193
72
52
143
249
155
193
199
50
94
197
158
230
82
@
100
236
113
214
249
181
161
158
214
85
242
151
135
44
90
86
67
152
236
64
226
197
228
5
92
134
63
195
234
65
211
22
@
83
150
51
79
215
124
178
46
250
255
245
61
75
108
141
31
156
14
116
132
121
192
18
240
131
205
205
31
21
71
190
7
@
104
215
35
27
87
251
133
118
140
126
175
113
207
70
34
245
51
149
18
215
223
171
239
217
167
207
109
243
60
79
105
28
@
149
5
224
15
207
79
223
143
20
187
85
101
48
161
37
27
59
14
212
34
154
242
45
255
240
129
78
9
201
189
206
211
@
195
80
0
148
46
205
81
227
202
179
233
158
116
181
190
79
164
119
161
92
3
58
118
29
136
145
2
243
121
250
114
199
@
234
255
70
94
21
178
62
173
234
126
189
107
189
28
40
195
37
122
58
98
225
79
55
87
116
8
249
112
185
131
183
224
@
74
210
226
19
155
243
137
126
244
209
108
254
194
34
153
120
10
152
43
59
138
13
93
5
81
199
18
110
112
194
29
159
@
227
211
72
114
226
245
175
52
68
78
45
181
196
59
55
0
89
169
118
159
241
86
63
57
79
165
61
237
55
74
10
66
@
194
87
40
189
251
80
25
132
215
167
183
231
119
99
3
107
35
238
101
64
100
46
80
113
49
29
201
173
216
211
217
136
@
92
189
178
226
224
149
115
86
139
43
46
117
205
29
127
193
99
228
199
1
146
176
169
173
106
214
8
159
181
127
108
231
@
200
197
248
121
33
237
252
89
40
118
175
167
51
179
202
219
119
4
219
179
187
141
97
187
30
237
74
53
45
74
55
226
@
92
3
93
148
225
188
250
108
117
33
12
129
161
64
80
124
31
205
242
121
201
147
114
222
243
240
237
145
195
200
19
91
@
217
226
48
179
17
62
63
66
113
45
11
28
33
77
14
35
168
196
15
57
156
18
236
57
248
15
110
0
99
75
238
82
@
139
159
190
23
20
179
226
199
223
185
15
52
73
136
10
84
152
157
107
110
115
74
197
138
36
191
45
60
221
139
174
98
@
153
165
24
202
10
232
126
56
221
175
106
186
66
247
7
118
254
18
186
193
194
219
117
139
68
149
69
55
196
163
204
102
@
164
145
123
35
171
144
249
86
191
75
40
83
5
111
171
124
198
131
15
159
207
27
127
18
113
131
181
227
185
201
244
119
@
195
222
51
247
238
3
126
168
168
164
10
23
107
90
60
67
242
202
100
112
9
100
251
83
127
136
105
81
111
158
49
149
@
215
84
236
230
138
114
189
117
17
78
77
134
255
40
253
127
133
120
239
38
49
1
162
27
81
218
211
203
2
58
205
199
@
196
174
63
250
185
175
65
92
78
226
160
132
48
100
242
121
48
215
176
157
40
78
71
13
193
57
109
87
111
236
242
241
@
33
169
51
1
42
1
151
90
128
253
221
239
106
143
102
76
163
182
57
231
112
91
118
231
247
59
97
197
215
108
24
142
@
6
188
150
15
100
247
23
95
161
19
171
230
107
2
129
202
52
159
112
59
129
146
59
100
133
251
116
78
87
166
245
202
@
182
93
254
127
168
129
26
28
52
86
23
117
131
187
18
71
51
196
62
206
166
43
226
51
118
142
116
23
129
247
170
33
@
209
123
49
235
67
107
74
44
152
85
96
99
183
190
222
171
154
240
245
181
84
16
14
45
1
158
76
215
199
193
63
127
@
142
107
127
100
85
96
189
102
37
129
170
68
96
74
53
68
184
178
98
142
137
165
156
176
0
22
198
58
200
68
251
183
@
172
189
72
145
5
212
76
79
111
199
33
186
219
130
168
237
142
163
41
234
160
157
193
234
240
76
104
193
195
182
244
208
@
62
166
142
130
183
125
156
166
66
10
27
250
106
247
65
72
149
22
146
58
154
131
239
211
13
134
99
183
143
9
178
202
@
85
93
156
203
90
89
99
135
186
235
186
92
53
91
225
248
178
56
91
168
110
107
252
147
122
227
98
244
255
5
24
40
@
44
198
103
178
4
114
94
55
26
30
117
209
152
131
166
17
146
145
112
129
243
128
109
107
233
146
137
206
4
198
119
125
@
127
67
168
88
40
17
43
210
37
25
224
54
205
156
88
78
84
139
3
60
1
40
46
37
95
45
50
25
90
207
174
35
@
